"Bafing"	"Bateke"	"Bili-Uele"	"Boe"	"Budongo"	"Bwindi"	"Comoe"	"Conkouati"	"Dindefelo"	"Djouroutou"	"East Nimba"	"Gashaka"	"Gishwati"	"Goualougo"	"Grebo"	"Issa-Ugalla"	"Kabogo"	"Kayan"	"Korup"	"La Belgique"	"Loango"	"Lope"	"Mbe"	"Mt. Cameroon"	"Mt. Cristal"	"Mt. Sangbe"	"Ngogo"	"Nyungwe"	"Outamba-Kilimi"	"Rubi-Tele"	"Sangaredi"	"Sapo"	"Sobeya"	"Bakoun-Sobory"	"Tai"
"Bafing"	0	1	0	1	0	0	1	0	1	0	0	0	0	0	0	1	0	1	0	0	0	0	0	0	0	1	0	0	1	0	1	0	1	1	0
"Bateke"	1	0	0	1	0	0	1	0	1	0	0	0	0	0	0	1	0	1	0	0	0	0	0	0	0	1	0	0	1	0	1	0	1	1	0
"Bili-Uele"	0	0	0	0	1	1	0	1	0	1	1	1	1	1	1	0	1	0	1	1	1	1	1	1	1	0	1	1	0	1	0	1	0	0	1
"Boe"	1	1	0	0	0	0	1	0	1	0	0	0	0	0	0	1	0	1	0	0	0	0	0	0	0	1	0	0	1	0	1	0	1	1	0
"Budongo"	0	0	1	0	0	1	0	1	0	1	1	1	1	1	1	0	1	0	1	1	1	1	1	1	1	0	1	1	0	1	0	1	0	0	1
"Bwindi"	0	0	1	0	1	0	0	1	0	1	1	1	1	1	1	0	1	0	1	1	1	1	1	1	1	0	1	1	0	1	0	1	0	0	1
"Comoe"	1	1	0	1	0	0	0	0	1	0	0	0	0	0	0	1	0	1	0	0	0	0	0	0	0	1	0	0	1	0	1	0	1	1	0
"Conkouati"	0	0	1	0	1	1	0	0	0	1	1	1	1	1	1	0	1	0	1	1	1	1	1	1	1	0	1	1	0	1	0	1	0	0	1
"Dindefelo"	1	1	0	1	0	0	1	0	0	0	0	0	0	0	0	1	0	1	0	0	0	0	0	0	0	1	0	0	1	0	1	0	1	1	0
"Djouroutou"	0	0	1	0	1	1	0	1	0	0	1	1	1	1	1	0	1	0	1	1	1	1	1	1	1	0	1	1	0	1	0	1	0	0	1
"East Nimba"	0	0	1	0	1	1	0	1	0	1	0	1	1	1	1	0	1	0	1	1	1	1	1	1	1	0	1	1	0	1	0	1	0	0	1
"Gashaka"	0	0	1	0	1	1	0	1	0	1	1	0	1	1	1	0	1	0	1	1	1	1	1	1	1	0	1	1	0	1	0	1	0	0	1
"Gishwati"	0	0	1	0	1	1	0	1	0	1	1	1	0	1	1	0	1	0	1	1	1	1	1	1	1	0	1	1	0	1	0	1	0	0	1
"Goualougo"	0	0	1	0	1	1	0	1	0	1	1	1	1	0	1	0	1	0	1	1	1	1	1	1	1	0	1	1	0	1	0	1	0	0	1
"Grebo"	0	0	1	0	1	1	0	1	0	1	1	1	1	1	0	0	1	0	1	1	1	1	1	1	1	0	1	1	0	1	0	1	0	0	1
"Issa-Ugalla"	1	1	0	1	0	0	1	0	1	0	0	0	0	0	0	0	0	1	0	0	0	0	0	0	0	1	0	0	1	0	1	0	1	1	0
"Kabogo"	0	0	1	0	1	1	0	1	0	1	1	1	1	1	1	0	0	0	1	1	1	1	1	1	1	0	1	1	0	1	0	1	0	0	1
"Kayan"	1	1	0	1	0	0	1	0	1	0	0	0	0	0	0	1	0	0	0	0	0	0	0	0	0	1	0	0	1	0	1	0	1	1	0
"Korup"	0	0	1	0	1	1	0	1	0	1	1	1	1	1	1	0	1	0	0	1	1	1	1	1	1	0	1	1	0	1	0	1	0	0	1
"La Belgique"	0	0	1	0	1	1	0	1	0	1	1	1	1	1	1	0	1	0	1	0	1	1	1	1	1	0	1	1	0	1	0	1	0	0	1
"Loango"	0	0	1	0	1	1	0	1	0	1	1	1	1	1	1	0	1	0	1	1	0	1	1	1	1	0	1	1	0	1	0	1	0	0	1
"Lope"	0	0	1	0	1	1	0	1	0	1	1	1	1	1	1	0	1	0	1	1	1	0	1	1	1	0	1	1	0	1	0	1	0	0	1
"Mbe"	0	0	1	0	1	1	0	1	0	1	1	1	1	1	1	0	1	0	1	1	1	1	0	1	1	0	1	1	0	1	0	1	0	0	1
"Mt. Cameroon"	0	0	1	0	1	1	0	1	0	1	1	1	1	1	1	0	1	0	1	1	1	1	1	0	1	0	1	1	0	1	0	1	0	0	1
"Mt. Cristal"	0	0	1	0	1	1	0	1	0	1	1	1	1	1	1	0	1	0	1	1	1	1	1	1	0	0	1	1	0	1	0	1	0	0	1
"Mt. Sangbe"	1	1	0	1	0	0	1	0	1	0	0	0	0	0	0	1	0	1	0	0	0	0	0	0	0	0	0	0	1	0	1	0	1	1	0
"Ngogo"	0	0	1	0	1	1	0	1	0	1	1	1	1	1	1	0	1	0	1	1	1	1	1	1	1	0	0	1	0	1	0	1	0	0	1
"Nyungwe"	0	0	1	0	1	1	0	1	0	1	1	1	1	1	1	0	1	0	1	1	1	1	1	1	1	0	1	0	0	1	0	1	0	0	1
"Outamba-Kilimi"	1	1	0	1	0	0	1	0	1	0	0	0	0	0	0	1	0	1	0	0	0	0	0	0	0	1	0	0	0	0	1	0	1	1	0
"Rubi-Tele"	0	0	1	0	1	1	0	1	0	1	1	1	1	1	1	0	1	0	1	1	1	1	1	1	1	0	1	1	0	0	0	1	0	0	1
"Sangaredi"	1	1	0	1	0	0	1	0	1	0	0	0	0	0	0	1	0	1	0	0	0	0	0	0	0	1	0	0	1	0	0	0	1	1	0
"Sapo"	0	0	1	0	1	1	0	1	0	1	1	1	1	1	1	0	1	0	1	1	1	1	1	1	1	0	1	1	0	1	0	0	0	0	1
"Sobeya"	1	1	0	1	0	0	1	0	1	0	0	0	0	0	0	1	0	1	0	0	0	0	0	0	0	1	0	0	1	0	1	0	0	1	0
"Bakoun-Sobory"	1	1	0	1	0	0	1	0	1	0	0	0	0	0	0	1	0	1	0	0	0	0	0	0	0	1	0	0	1	0	1	0	1	0	0
"Tai"	0	0	1	0	1	1	0	1	0	1	1	1	1	1	1	0	1	0	1	1	1	1	1	1	1	0	1	1	0	1	0	1	0	0	0
